57.0,92.0,57.0,92.0,57.0,92.0,57.0,92.0,57.0,92.0,62.0,93.0
72.0,107.0
79.0,116.0
86.0,128.0
93.0,139.0
104.0,153.0
110.0,165.0
117.0,177.0,117.0,177.0,119.0,183.0,124.0,190.0,125.0,192.0,126.0,194.0,126.0,194.0,126.0,194.0,126.0,194.0,126.0,194.0,126.0,194.0,126.0,194.0,126.0,194.0,126.0,194.0
126.0,179.0
131.0,165.0
136.0,148.0,136.0,148.0,140.0,139.0,143.0,133.0,144.0,127.0,145.0,123.0,148.0,118.0,148.0,112.0,149.0,109.0,150.0,102.0,150.0,101.0,151.0,99.0,152.0,98.0,152.0,98.0,152.0,96.0,152.0,93.0,153.0,91.0,153.0,91.0,153.0,90.0,153.0,90.0,153.0,90.0,153.0,90.0,153.0,90.0,153.0,90.0,153.0,90.0
