52.0,68.0,52.0,68.0,52.0,68.0,52.0,68.0,52.0,68.0,52.0,68.0
70.0,68.0
87.0,68.0
107.0,68.0
121.0,68.0
133.0,68.0,133.0,68.0,140.0,68.0,150.0,68.0
175.0,68.0,175.0,68.0,176.0,68.0,178.0,68.0,178.0,68.0,178.0,68.0,178.0,68.0,178.0,68.0,178.0,68.0
125.0,68.0,125.0,68.0,125.0,68.0,125.0,68.0,125.0,68.0,125.0,68.0,125.0,68.0,125.0,68.0,125.0,68.0
115.0,80.0,115.0,80.0,111.0,84.0,106.0,89.0,104.0,92.0,101.0,95.0,99.0,98.0,94.0,101.0,90.0,104.0,84.0,109.0,82.0,111.0,81.0,112.0,80.0,112.0,77.0,114.0,76.0,115.0,68.0,119.0,65.0,122.0,63.0,123.0,63.0,123.0,63.0,123.0,63.0,123.0,63.0,123.0,63.0,123.0,63.0,123.0,63.0,123.0,63.0,123.0,63.0,123.0,63.0,123.0,63.0,123.0,63.0,123.0,63.0,123.0,63.0,123.0,63.0,123.0,67.0,125.0,68.0,126.0,71.0,129.0,72.0,131.0,75.0,133.0,77.0,134.0,81.0,136.0,84.0,137.0,88.0,139.0,89.0,139.0,92.0,141.0,97.0,144.0,98.0,144.0,102.0,146.0,106.0,151.0,108.0,151.0,111.0,153.0,113.0,155.0,114.0,155.0,117.0,156.0,118.0,157.0,118.0,157.0,119.0,158.0,120.0,159.0,120.0,159.0,120.0,159.0,120.0,159.0,120.0,159.0,120.0,159.0,120.0,159.0,120.0,159.0,120.0,159.0,120.0,159.0,120.0,159.0,120.0,159.0,120.0,159.0,120.0,159.0,120.0,159.0,120.0,157.0,120.0,153.0,120.0,148.0,120.0,145.0,120.0,145.0,120.0,142.0,120.0,140.0,120.0,137.0,120.0,136.0,120.0,132.0,120.0,128.0,120.0,124.0,120.0,121.0,120.0,118.0,120.0,116.0,120.0,112.0,120.0,111.0,120.0,107.0,120.0,105.0,120.0,102.0,123.0,98.0,123.0,96.0,123.0,94.0,123.0,92.0,123.0,90.0,123.0,86.0,123.0,84.0,124.0,82.0,124.0,81.0,124.0,80.0,124.0,78.0,124.0,76.0,124.0,74.0,124.0,72.0,124.0,72.0,124.0,71.0,124.0,71.0,124.0,71.0,124.0,71.0,124.0,71.0,124.0,71.0,124.0,71.0,124.0,71.0,124.0,71.0,124.0,71.0,124.0,71.0,124.0,71.0
85.0,149.0,85.0,149.0,85.0,149.0,85.0,149.0,85.0,149.0,85.0,149.0,85.0,149.0,85.0,149.0,85.0,149.0,85.0,149.0,85.0,149.0,85.0,149.0,85.0,149.0,85.0,149.0,84.0,149.0,81.0,149.0,78.0,149.0,78.0,149.0,78.0,149.0,78.0,149.0,78.0,149.0,78.0,149.0,78.0,149.0,78.0,149.0,78.0,149.0,78.0,149.0,78.0,153.0,78.0,157.0,78.0,159.0,78.0,161.0,77.0,162.0,77.0,162.0,77.0,162.0,77.0,162.0,77.0,164.0,77.0,166.0,77.0,166.0,78.0,166.0,78.0,166.0,78.0,166.0,80.0,168.0,80.0,168.0,83.0,168.0,83.0,168.0,83.0,168.0,83.0,168.0,83.0,168.0,84.0,168.0,86.0,168.0,86.0,168.0,88.0,168.0,90.0,165.0,92.0,164.0,92.0,163.0,92.0,162.0,92.0,161.0,92.0,159.0,92.0,159.0,92.0,156.0,92.0,155.0,92.0,153.0,92.0,152.0,91.0,150.0,91.0,149.0,90.0,149.0,90.0,149.0,90.0,149.0,90.0,149.0,90.0,149.0,89.0,149.0,85.0,146.0,85.0,146.0,85.0,146.0,85.0,146.0,85.0,146.0,85.0,146.0,85.0,146.0,85.0,146.0,85.0,146.0,85.0,146.0
